0.0004436
