0.00743586
