8.68863e-05
