0.00042877
