0.00141543
